-1.231054099999999929e+00
-3.290837799999999924e-01
5.660913299999999898e-02
1.505346000000000073e+00
-1.248787499999999939e+00
1.749852799999999986e+00
1.877171200000000040e+00
1.775118599999999935e-01
1.767830399999999885e-02
7.690660099999999666e-01
2.043536899999999878e+00
3.164216200000000145e-01
-4.842947699999999855e-01
9.260643100000000016e-01
-6.815803999999999752e-01
-9.977019900000000385e-01
-1.170960800000000024e+00
-1.472533499999999940e+00
-1.341634599999999899e+00
1.103433300000000061e+00
-7.450620399999999810e-01
1.539333999999999980e+00
-1.468749300000000035e+00
1.957384900000000094e+00
5.094107100000000443e-01
-1.269984900000000083e+00
2.125188599999999983e+00
-1.189130800000000043e+00
-1.492019299999999937e+00
-1.376222400000000068e+00
-5.672563800000000045e-01
1.932641899999999913e+00
1.975915899999999947e+00
7.057823100000000238e-01
9.987503300000000195e-01
-3.201588499999999948e-01
1.278048599999999979e+00
-1.423280499999999948e+00
-8.620175399999999710e-01
-9.811213100000000242e-01
-1.935157700000000036e-01
-1.237149599999999960e+00
7.641232399999999814e-01
-1.107601400000000069e+00
1.240433499999999967e+00
-8.328092299999999559e-01
-1.244921799999999967e+00
-1.290268299999999924e+00
-1.518322500000000019e+00
-5.600430899999999657e-01
-4.318106299999999731e-01
-1.348125999999999935e+00
2.175914500000000196e+00
-6.020071099999999564e-01
1.137543699999999935e+00
-1.234721900000000039e+00
1.417353900000000062e-02
1.597715699999999961e+00
-1.019574699999999945e+00
-1.120991700000000035e+00
-4.812266499999999780e-01
-1.181480899999999945e+00
8.206244700000000503e-01
6.504338100000000011e-01
-1.266480199999999945e+00
-1.280662200000000084e+00
8.949464299999999595e-01
-7.930808099999999694e-01
-1.158047899999999908e+00
3.135278300000000126e-03
7.576260400000000006e-01
-1.415473399999999993e+00
-1.181160699999999952e+00
4.298315999999999804e-01
-4.589056000000000246e-01
-4.885971299999999906e-01
9.908209500000000336e-01
1.224970600000000021e+00
2.292992299999999872e+00
1.614767999999999981e+00
-4.436057400000000261e-01
1.260833300000000046e+00
4.368469500000000116e-01
-1.012245000000000061e+00
-6.158060299999999765e-02
1.149973300000000087e+00
1.259883300000000095e-01
2.837085500000000038e-01
1.333397100000000002e+00
1.763563299999999945e+00
-8.980374399999999646e-01
-9.750665699999999658e-01
-1.273269499999999943e-01
-1.531527599999999989e-01
-5.975009900000000096e-01
-1.421552500000000108e-01
-4.748866299999999763e-01
2.476828299999999927e-01
-1.373672400000000016e+00
-3.209284300000000284e-02
3.797460799999999859e-01
-3.145243699999999976e-02
1.473895199999999961e-01
1.935389900000000107e+00
4.780075599999999980e-01
-4.273510799999999943e-01
-2.118488299999999880e-01
-1.492659699999999923e+00
-1.080041800000000052e-01
-1.027412099999999995e-01
-1.164644400000000059e-02
7.743639100000000441e-01
-4.447235399999999728e-01
6.454910499999999551e-01
-8.504855100000000001e-02
-1.374306999999999945e+00
-1.253887500000000044e+00
-8.370708399999999827e-01
-1.390724599999999977e+00
-3.700871900000000103e-01
-1.336651100000000092e+00
1.453502199999999966e+00
-1.197421199999999963e+00
1.084104699999999921e+00
9.821754799999999896e-01
7.036747899999999944e-01
8.732250400000000079e-01
-1.242726900000000079e+00
-1.192641400000000074e+00
8.789654099999999470e-01
8.520276199999999855e-01
5.306081299999999557e-01
-1.091067299999999962e+00
4.219837300000000013e-01
6.874143200000000231e-01
1.757187199999999949e-01
1.024611099999999997e+00
2.287886499999999934e+00
9.876305699999999854e-01
-1.858250800000000036e-01
1.482553400000000021e+00
-5.080421699999999596e-01
4.445376400000000117e-01
-7.030980199999999902e-01
2.365556000000000214e+00
8.482190300000000405e-02
1.185242200000000024e+00
-1.383715100000000087e+00
-3.734998900000000011e-02
-1.159963300000000030e+00
-1.144459600000000021e+00
-6.099714299999999811e-01
-1.233481800000000073e+00
-9.704440100000000236e-01
-1.405430699999999922e+00
-1.400330700000000039e+00
-1.230297200000000091e+00
-9.291611400000000520e-01
-7.953105799999999892e-01
3.681081600000000176e-01
-1.157372499999999915e+00
-3.690916499999999933e-01
-9.519130000000000091e-01
-1.242686200000000074e+00
-4.777160599999999979e-01
-1.575103200000000037e+00
-6.903481299999999488e-01
-1.105849000000000082e+00
-8.334438199999999464e-01
-1.822515400000000035e-02
1.086974899999999966e+00
-7.364515000000000366e-01
7.832888300000000470e-01
-9.005874200000000274e-01
7.271241900000000036e-02
-5.849490400000000312e-01
1.413651599999999897e+00
-8.358366000000000406e-01
-1.424288800000000077e-01
-9.693669599999999997e-01
7.018001499999999560e-01
-1.229819900000000077e+00
-1.239222199999999940e+00
-1.194230799999999926e+00
-3.506014000000000075e-01
5.247105800000000375e-01
2.735086299999999748e-01
8.514210599999999518e-02
-3.488490200000000097e-01
-2.445618999999999987e-01
-5.169670899999999625e-01
-5.155349099999999574e-01
4.114636099999999796e-01
8.346551700000000018e-01
6.076780200000000409e-01
-3.981777000000000233e-01
4.452944799999999925e-01
-1.072175300000000053e+00
5.403713999999999462e-01
1.116980800000000107e+00
9.983136900000000313e-01
1.057330000000000103e+00
1.174879299999999960e+00
5.279417199999999477e-01
-1.619204900000000003e-01
7.764936199999999955e-02
-2.292212799999999995e-01
-5.947938200000000286e-01
-8.991144800000000492e-01
-4.126450400000000185e-01
1.625328799999999907e+00
1.773546699999999920e-01
5.653996100000000524e-01
5.233191499999999552e-01
6.682836599999999461e-01
5.886696200000000045e-01
-2.530094299999999796e-01
8.769335700000000511e-01
8.469276700000000213e-01
6.729062199999999994e-01
-9.311929799999999480e-01
-7.476527800000000168e-01
-8.438067399999999996e-01
5.083336699999999597e-01
1.888295700000000021e-01
7.318981200000000686e-02
-1.659026500000000126e-01
3.615702000000000083e-01
2.672908800000000085e-01
7.778686700000000398e-01
6.995703800000000472e-01
6.636611000000000038e-01
4.926728400000000008e-01
1.123512999999999984e+00
-2.668771200000000232e-01
1.498211299999999913e+00
6.145307100000000355e-01
1.118853499999999945e+00
4.871748599999999874e-01
1.171772299999999989e+00
1.278088099999999949e+00
1.075977399999999973e+00
1.710642500000000066e+00
1.142643599999999982e+00
-1.048270700000000000e+00
